
spawn = 6232	2881	5309	6	1	14	80	80	Godwars
spawn = 6232	2884	5310	2	1	14	80	80	Godwars
spawn = 6232	2846	5296	6	1	14	80	80	Godwars
spawn = 6232	2912	5300	6	1	14	80	80	Godwars
spawn = 6232	2884	5279	6	1	14	80	80	Godwars
spawn = 6232	2871	5347	6	1	14	80	80	Godwars
spawn = 6232	2881	5309	6	1	14	80	80	Godwars
spawn = 6232	2831	5302	4	1	14	80	80	Godwars
spawn = 6232	2930	5325	2	1	14	80	80	Godwars
spawn = 6232	2883	5307	6	1	14	80	80	Godwars
spawn = 6232	2824	5296	2	1	14	80	80	Godwars
spawn = 6232	2824	5308	2	1	14	80	80	Godwars
spawn = 6232	2842	5308	2	1	14	80	80	Godwars
spawn = 6232	2842	5296	2	1	14	80	80	Godwars
spawn = 6232	2936	5331	2	1	14	80	80	Godwars
spawn = 6232	2918	5331	2	1	14	80	80	Godwars
spawn = 6232	2918	5318	2	1	14	80	80	Godwars
spawn = 6232	2936	5318	2	1	14	80	80	Godwars
spawn = 6232	2889	5276	0	1	14	80	80	Godwars
spawn = 6232	2907	5276	0	1	14	80	80	Godwars
spawn = 6232	2907	5258	0	1	14	80	80	Godwars
spawn = 6232	2889	5258	0	1	14	80	80	Godwars
spawn = 6232	2864	5351	2	1	14	80	80	Godwars
spawn = 6232	2876	5351	2	1	14	80	80	Godwars
spawn = 6232	2876	5369	2	1	14	80	80	Godwars
spawn = 6232	2864	5369	2	1	14	80	80	Godwars
spawn = 6232	3101	3502	0	1	14	80	80	Godwars
spawn = 6232	3101	3503	0	1	14	80	80	Godwars
spawn = 6232	3101	3503	0	1	14	80	80	Godwars
spawn = 6232	3101	3503	0	1	14	80	80	Godwars
spawn = 6232	3087	3519	0	1	14	80	80	Godwars
spawn = 6232	3087	3518	0	1	14	80	80	Godwars
spawn = 6232	3103	3507	0	1	14	80	80	Godwars
spawn = 6232	3104	3507	0	1	14	80	80	Godwars
spawn = 6232	3088	3485	0	1	14	80	80	Godwars
spawn = 6232	3087	3485	0	1	14	80	80	Godwars
spawn = 6232	3086	3485	0	1	14	80	80	Godwars
spawn = 6232	3087	3486	0	1	14	80	80	Godwars
spawn = 6232	3086	3486	0	1	14	80	80	Godwars
spawn = 6232	3087	3486	0	1	14	80	80	Godwars
spawn = 6232	3088	3486	0	1	14	80	80	Godwars
spawn = 6232	3091	3493	0	1	14	80	80	Godwars
spawn = 6232	3091	3492	0	1	14	80	80	Godwars
spawn = 6232	3094	9503	0	1	14	80	80	Godwars
spawn = 6232	3093	9503	0	1	14	80	80	Godwars
spawn = 6232	3044	4971	0	1	14	80	80	Godwars
spawn = 6232	3050	4971	3	1	14	80	80	Godwars
spawn = 6232	3090	3489	0	1	14	80	80	Godwars
spawn = 6232	3215	3216	2	1	14	80	80	Godwars
spawn = 6232	3207	3213	2	1	14	80	80	Godwars
spawn = 6232	3217	3218	0	1	14	80	80	Godwars
spawn = 6232	3217	3219	0	1	14	80	80	Godwars
spawn = 6232	3090	3489	0	1	14	80	80	Godwars
spawn = 6232	3222	3225	0	1	14	80	80	Godwars
spawn = 6232	3222	3212	0	1	14	80	80	Godwars
spawn = 6232	3087	3517	0	1	14	80	80	Godwars
spawn = 6232	3237	3221	0	1	14	80	80	Godwars
spawn = 6232	3236	3219	0	1	14	80	80	Godwars
spawn = 6232	3234	3211	0	1	14	80	80	Godwars
spawn = 6232	3240	3191	0	1	14	80	80	Godwars
spawn = 6232	3248	3236	0	1	14	80	80	Godwars
spawn = 6232	3170	9571	0	1	14	80	80	Godwars
spawn = 6232	3166	9571	0	1	14	80	80	Godwars
spawn = 6232	3152	9575	0	1	14	80	80	Godwars
spawn = 6232	3247	3236	0	1	14	80	80	Godwars
spawn = 6232	3248	3235	0	1	14	80	80	Godwars
spawn = 6232	3154	9559	0	1	14	80	80	Godwars
spawn = 6232	3153	9559	0	1	14	80	80	Godwars
spawn = 6232	3156	9544	0	1	14	80	80	Godwars
spawn = 6232	3156	9543	0	1	14	80	80	Godwars
spawn = 6232	3157	9542	0	1	14	80	80	Godwars
spawn = 6232	3153	9559	0	1	14	80	80	Godwars
spawn = 6232	3153	9558	0	1	14	80	80	Godwars
spawn = 6232	3153	9550	0	1	14	80	80	Godwars
spawn = 6232	3150	9553	0	1	14	80	80	Godwars
spawn = 6232	3159	9555	0	1	14	80	80	Godwars
spawn = 6232	3156	9547	0	1	14	80	80	Godwars
spawn = 6232	3149	9563	0	1	14	80	80	Godwars
spawn = 6232	3157	9562	0	1	14	80	80	Godwars
spawn = 6232	3157	9562	0	1	14	80	80	Godwars
spawn = 6232	3250	9578	0	1	14	80	80	Godwars
spawn = 6232	3167	9545	0	1	14	80	80	Godwars
spawn = 6232	3167	9552	0	1	14	80	80	Godwars
spawn = 6232	3171	9557	0	1	14	80	80	Godwars
spawn = 6232	3178	9558	0	1	14	80	80	Godwars
spawn = 6232	3181	9556	0	1	14	80	80	Godwars
spawn = 6232	3185	9556	0	1	14	80	80	Godwars
spawn = 6232	3182	9549	0	1	14	80	80	Godwars
spawn = 6232	3181	9547	0	1	14	80	80	Godwars
spawn = 6232	3181	9547	0	1	14	80	80	Godwars
spawn = 6232	3179	9547	0	1	14	80	80	Godwars
spawn = 6232	3166	9544	0	1	14	80	80	Godwars
spawn = 6232	3183	9549	0	1	14	80	80	Godwars
spawn = 6232	3185	9560	0	1	14	80	80	Godwars
spawn = 6232	3187	9560	0	1	14	80	80	Godwars
spawn = 6232	3224	9600	0	1	14	80	80	Godwars
spawn = 6232	3217	9587	0	1	14	80	80	Godwars
spawn = 6232	3223	9595	0	1	14	80	80	Godwars
spawn = 6232	3152	9583	0	1	14	80	80	Godwars
spawn = 6232	3186	9561	0	1	14	80	80	Godwars
spawn = 6232	3221	3218	0	1	14	80	80	Godwars
spawn = 6232	3187	9552	0	1	14	80	80	Godwars
spawn = 6232	3222	3212	0	1	14	80	80	Godwars
spawn = 6232	3222	3225	0	1	14	80	80	Godwars
spawn = 6232	3197	9553	0	1	14	80	80	Godwars
spawn = 6232	3192	9552	0	1	14	80	80	Godwars
spawn = 6232	3197	9553	0	1	14	80	80	Godwars
spawn = 6232	3198	9552	0	1	14	80	80	Godwars
spawn = 6232	3196	9553	0	1	14	80	80	Godwars
spawn = 6232	3202	9553	0	1	14	80	80	Godwars
spawn = 6232	3200	9553	0	1	14	80	80	Godwars
spawn = 6232	3196	9553	0	1	14	80	80	Godwars
spawn = 6232	3198	9553	0	1	14	80	80	Godwars
spawn = 6232	3198	9553	0	1	14	80	80	Godwars
spawn = 6232	3198	9553	0	1	14	80	80	Godwars
spawn = 6232	3248	3235	0	1	14	80	80	Godwars
spawn = 6232	3169	9573	0	1	14	80	80	Godwars
spawn = 6232	3168	9572	0	1	14	80	80	Godwars
spawn = 6232	3195	9553	0	1	14	80	80	Godwars
spawn = 6232	3195	9555	0	1	14	80	80	Godwars
spawn = 6232	3195	9555	0	1	14	80	80	Godwars
spawn = 6232	3194	9554	0	1	14	80	80	Godwars
spawn = 6232	3193	9553	0	1	14	80	80	Godwars
spawn = 6232	3194	9555	0	1	14	80	80	Godwars
spawn = 6232	2584	3150	0	1	14	80	80	Godwars
spawn = 6232	2584	3151	0	1	14	80	80	Godwars
spawn = 6232	2600	3166	0	1	14	80	80	Godwars
spawn = 6232	2602	3155	0	1	14	80	80	Godwars
spawn = 6232	2592	3156	0	1	14	80	80	Godwars
spawn = 6232	2591	3168	0	1	14	80	80	Godwars
spawn = 6232	2606	3166	0	1	14	80	80	Godwars
spawn = 6232	2584	3150	0	1	14	80	80	Godwars
spawn = 6232	2584	3151	0	1	14	80	80	Godwars
spawn = 6232	2606	3163	0	1	14	80	80	Godwars
spawn = 6232	3194	9553	0	1	14	80	80	Godwars
spawn = 6232	3197	9553	0	1	14	80	80	Godwars
spawn = 6232	3198	9553	0	1	14	80	80	Godwars
spawn = 6232	3198	9553	0	1	14	80	80	Godwars
spawn = 6232	3203	9556	0	1	14	80	80	Godwars
spawn = 6232	3209	9572	0	1	14	80	80	Godwars
spawn = 6232	3210	9571	0	1	14	80	80	Godwars
spawn = 6232	3210	9572	0	1	14	80	80	Godwars
spawn = 6232	3349	3696	0	1	14	80	80	Godwars
spawn = 6232	3086	3489	0	1	14	80	80	Godwars
spawn = 6232	3153	3923	0	1	14	80	80	Godwars
spawn = 6232	3095	3503	0	1	14	80	80	Godwars
spawn = 6232	3086	3490	0	1	14	80	80	Godwars
spawn = 6232	3272	3399	0	1	14	80	80	Godwars
spawn = 6232	2663	2649	0	1	14	80	80	Godwars
spawn = 6232	3100	3500	0	1	14	80	80	Godwars
spawn = 6232	1336	13337	0	1	14	80	80	Godwars
spawn = 6232	1337	13337	0	1	14	80	80	Godwars
spawn = 6232	3088	3487	0	1	14	80	80	Godwars
spawn = 6232	3275	3916	0	1	14	80	80	Godwars
spawn = 6232	3005	3850	0	1	14	80	80	Godwars
spawn = 6232	2271	4680	0	1	14	80	80	Godwars
spawn = 6232	2271	4681	0	1	14	80	80	Godwars
spawn = 6232	2270	4711	0	1	14	80	80	Godwars
spawn = 6232	2287	4698	0	1	14	80	80	Godwars
spawn = 6232	2286	4698	0	1	14	80	80	Godwars
spawn = 6232	2256	4693	0	1	14	80	80	Godwars
spawn = 6232	1	1	0	1	14	80	80	Godwars
spawn = 6232	1	1	0	1	14	80	80	Godwars
spawn = 6232	3085	3493	0	1	14	80	80	Godwars
spawn = 6232	3269	3399	0	1	14	80	80	Godwars
spawn = 6232	3269	3398	0	1	14	80	80	Godwars
spawn = 6232	2982	3046	0	1	14	80	80	Godwars
spawn = 6232	3433	3463	0	1	14	80	80	Godwars
spawn = 6232	3086	3489	0	1	14	80	80	Godwars
spawn = 6232	3084	3493	0	1	14	80	80	Godwars
spawn = 6232	3096	3503	0	1	14	80	80	Godwars
spawn = 6232	3094	3503	0	1	14	80	80	Godwars
spawn = 6232	3094	3504	0	1	14	80	80	Godwars
spawn = 6232	3270	3403	0	1	14	80	80	Godwars
spawn = 6232	3095	3504	0	1	14	80	80	Godwars
spawn = 6232	2437	3095	0	1	14	80	80	Godwars
spawn = 6232	3427	3475	0	1	14	80	80	Godwars
spawn = 6232	3444	3458	0	1	14	80	80	Godwars
spawn = 6232	3549	3301	0	1	14	80	80	Godwars
spawn = 6232	3549	3301	0	1	14	80	80	Godwars
spawn = 6232	3564	3269	0	1	14	80	80	Godwars
spawn = 6232	3495	3211	0	1	14	80	80	Godwars
spawn = 6232	3574	3298	0	1	14	80	80	Godwars
spawn = 6232	3575	9706	-1	1	14	80	80	Godwars
spawn = 6232	3337	9710	0	1	14	80	80	Godwars
spawn = 6232	2972	9504	0	1	14	80	80	Godwars
spawn = 6232	2428	5172	0	1	14	80	80	Godwars
spawn = 6232	3345	3258	0	1	14	80	80	Godwars
spawn = 6232	3345	3265	0	1	14	80	80	Godwars
spawn = 6232	3365	3266	0	1	14	80	80	Godwars
spawn = 6232	3346	3258	0	1	14	80	80	Godwars
spawn = 6232	3346	3265	0	1	14	80	80	Godwars
spawn = 6232	3084	3500	0	1	14	80	80	Godwars
spawn = 6232	2585	3150	0	1	14	80	80	Godwars
spawn = 6232	3311	3313	0	1	14	80	80	Godwars
spawn = 6232	3311	3314	0	1	14	80	80	Godwars
spawn = 6232	3312	3314	0	1	14	80	80	Godwars
spawn = 6232	3089	3514	0	1	14	80	80	Godwars
spawn = 6232	3344	3255	0	1	14	80	80	Godwars
spawn = 6232	3344	3270	0	1	14	80	80	Godwars
spawn = 6232	3362	3265	0	1	14	80	80	Godwars
spawn = 6232	3381	3268	0	1	14	80	80	Godwars
spawn = 6232	3343	3258	0	1	14	80	80	Godwars
spawn = 6232	10509	12168	0	1	14	80	80	Godwars
spawn = 6232	3353	3265	0	1	14	80	80	Godwars
spawn = 6232	3096	3494	0	1	14	80	80	Godwars
spawn = 6232	3311	3230	0	1	14	80	80	Godwars
spawn = 6232	3329	3251	0	1	14	80	80	Godwars
spawn = 6232	3090	3862	0	1	14	80	80	Godwars
spawn = 6232	3092	3872	0	1	14	80	80	Godwars
spawn = 6232	3096	3494	0	1	14	80	80	Godwars
spawn = 6232	3096	3494	0	1	14	80	80	Godwars
spawn = 6232	3085	3876	0	1	14	80	80	Godwars
spawn = 6232	3085	3878	0	1	14	80	80	Godwars
spawn = 6232	3082	3903	0	1	14	80	80	Godwars
spawn = 6232	3072	3857	0	1	14	80	80	Godwars
spawn = 6232	3064	3852	0	1	14	80	80	Godwars
spawn = 6232	2757	3482	0	1	14	80	80	Godwars
spawn = 6232	2757	3490	0	1	14	80	80	Godwars
spawn = 6232	2950	3490	0	1	14	80	80	Godwars
spawn = 6232	2567	9628	0	1	14	80	80	Godwars
spawn = 6232	2566	9628	0	1	14	80	80	Godwars
spawn = 6232	2575	9629	0	1	14	80	80	Godwars
spawn = 6232	2426	3088	0	1	14	80	80	Godwars
spawn = 6232	2417	3078	0	1	14	80	80	Godwars
spawn = 6232	2417	3078	0	1	14	80	80	Godwars
spawn = 6232	2634	4693	0	1	14	80	80	Godwars
spawn = 6232	2634	4692	0	1	14	80	80	Godwars
spawn = 6232	2556	3300	0	1	14	80	80	Godwars
spawn = 6232	2576	3298	0	1	14	80	80	Godwars
spawn = 6232	2575	3298	0	1	14	80	80	Godwars
spawn = 6232	2626	3268	0	1	14	80	80	Godwars
spawn = 6232	3006	3340	0	1	14	80	80	Godwars
spawn = 6232	3087	3227	0	1	14	80	80	Godwars
spawn = 6232	2989	3368	0	1	14	80	80	Godwars
spawn = 6232	2981	3923	0	1	14	80	80	Godwars
spawn = 6232	2982	3697	0	1	14	80	80	Godwars
spawn = 6232	3091	3532	0	1	14	80	80	Godwars
spawn = 6232	2400	5179	0	1	14	80	80	Godwars
spawn = 6232	2400	5179	0	1	14	80	80	Godwars
spawn = 6232	2400	5181	0	1	14	80	80	Godwars
spawn = 6232	2400	5181	0	1	14	80	80	Godwars
spawn = 6232	2400	5181	0	1	14	80	80	Godwars
spawn = 6232	2401	5181	0	1	14	80	80	Godwars
spawn = 6232	2402	5181	0	1	14	80	80	Godwars
spawn = 6232	2438	5168	0	1	14	80	80	Godwars
spawn = 6232	2437	5168	4	1	14	80	80	Godwars
spawn = 6232	2399	5171	0	1	14	80	80	Godwars
spawn = 6232	2411	5180	0	1	14	80	80	Godwars
spawn = 6232	2413	5117	24	1	14	80	80	Godwars
spawn = 6232	2438	5168	0	1	14	80	80	Godwars
spawn = 6232	2439	5169	0	1	14	80	80	Godwars
spawn = 6232	2476	3426	4	1	14	80	80	Godwars
spawn = 6232	2524	4777	0	1	14	80	80	Godwars
spawn = 6232	2524	4777	8	1	14	80	80	Godwars
spawn = 6232	3096	3496	0	1	14	80	80	Godwars
spawn = 6232	2524	4776	8	1	14	80	80	Godwars
spawn = 6232	2524	4777	12	1	14	80	80	Godwars
spawn = 6232	2603	4771	8	1	14	80	80	Godwars
spawn = 6232	2607	4774	16	1	14	80	80	Godwars
spawn = 6232	3266	3400	0	1	14	80	80	Godwars
spawn = 6232	2600	4774	0	1	14	80	80	Godwars
spawn = 6232	2523	4771	0	1	14	80	80	Godwars
spawn = 6232	3090	3964	0	1	14	80	80	Godwars
spawn = 6232	3090	3980	0	1	14	80	80	Godwars
spawn = 6232	3091	3961	0	1	14	80	80	Godwars
spawn = 6232	3091	3963	0	1	14	80	80	Godwars
spawn = 6232	3090	3859	0	1	14	80	80	Godwars
spawn = 6232	3293	3176	0	1	14	80	80	Godwars
spawn = 6232	3292	3266	0	1	14	80	80	Godwars
spawn = 6232	3091	3525	0	1	14	80	80	Godwars
spawn = 6232	2994	3921	0	1	14	80	80	Godwars
spawn = 6232	3100	3925	0	1	14	80	80	Godwars
spawn = 6232	2399	5177	0	1	14	80	80	Godwars
spawn = 6232	2399	5177	0	1	14	80	80	Godwars
spawn = 6232	3094	3491	0	1	14	80	80	Godwars
spawn = 6232	1760	5186	0	1	14	80	80	Godwars
spawn = 6232	2762	3491	0	1	14	80	80	Godwars
spawn = 6232	2759	3498	0	1	14	80	80	Godwars
spawn = 6232	2761	3513	0	1	14	80	80	Godwars
spawn = 6232	2762	3513	0	1	14	80	80	Godwars
spawn = 6232	2760	3503	0	1	14	80	80	Godwars
spawn = 6232	2759	3498	0	1	14	80	80	Godwars
spawn = 6232	2757	3501	0	1	14	80	80	Godwars
spawn = 6232	2760	3513	0	1	14	80	80	Godwars
spawn = 6232	2761	3513	0	1	14	80	80	Godwars
spawn = 6232	2464	4772	0	1	14	80	80	Godwars
spawn = 6232	3087	3498	0	1	14	80	80	Godwars
spawn = 6232	3085	3493	0	1	14	80	80	Godwars
spawn = 6232	3104	3506	0	1	14	80	80	Godwars
spawn = 6232	3089	3501	0	1	14	80	80	Godwars
spawn = 6232	3089	3502	0	1	14	80	80	Godwars
spawn = 6232	3088	3502	0	1	14	80	80	Godwars
spawn = 6232	3085	3493	0	1	14	80	80	Godwars
spawn = 6232	3086	3493	0	1	14	80	80	Godwars
spawn = 6232	3087	3488	0	1	14	80	80	Godwars
spawn = 6232	3087	3489	0	1	14	80	80	Godwars
spawn = 6232	3088	3489	0	1	14	80	80	Godwars
spawn = 6232	3088	3506	0	1	14	80	80	Godwars
spawn = 6232	3094	3505	0	1	14	80	80	Godwars
spawn = 6232	3098	3503	0	1	14	80	80	Godwars
spawn = 6232	3087	3509	0	1	14	80	80	Godwars
spawn = 6232	3096	3503	0	1	14	80	80	Godwars
spawn = 6232	3094	3503	0	1	14	80	80	Godwars
spawn = 6232	3086	3498	0	1	14	80	80	Godwars
spawn = 6232	3093	3504	0	1	14	80	80	Godwars
spawn = 6232	3091	3506	0	1	14	80	80	Godwars
spawn = 6232	2754	3507	0	1	14	80	80	Godwars
spawn = 6232	2758	3510	0	1	14	80	80	Godwars
spawn = 6232	2754	3509	0	1	14	80	80	Godwars
spawn = 6232	3097	3500	0	1	14	80	80	Godwars
spawn = 6232	3098	3500	0	1	14	80	80	Godwars
spawn = 6232	2520	3043	0	1	14	80	80	Godwars
spawn = 6232	3086	3489	0	1	14	80	80	Godwars
spawn = 6232	3087	3490	0	1	14	80	80	Godwars
spawn = 6232	3096	3503	0	1	14	80	80	Godwars
spawn = 6232	3069	3503	0	1	14	80	80	Godwars
spawn = 6232	3096	3503	0	1	14	80	80	Godwars
spawn = 6232	3069	3503	0	1	14	80	80	Godwars
spawn = 6232	2518	3044	0	1	14	80	80	Godwars
spawn = 6232	2517	3043	0	1	14	80	80	Godwars
spawn = 6232	2520	3043	40	1	14	80	80	Godwars
spawn = 6232	2520	3043	20	1	14	80	80	Godwars
spawn = 6232	3088	3493	0	1	14	80	80	Godwars
spawn = 6232	3215	3417	0	1	14	80	80	Godwars
spawn = 6232	2751	3512	0	1	14	80	80	Godwars
spawn = 6232	2751	3512	0	1	14	80	80	Godwars
spawn = 6232	2749	3512	0	1	14	80	80	Godwars
spawn = 6232	2750	3512	0	1	14	80	80	Godwars
spawn = 6232	2757	3483	0	1	14	80	80	Godwars
spawn = 6232	2755	3485	0	1	14	80	80	Godwars
spawn = 6232	2757	3483	0	1	14	80	80	Godwars
spawn = 6232	2757	3484	0	1	14	80	80	Godwars
spawn = 6232	2758	3483	0	1	14	80	80	Godwars
spawn = 6232	2758	3483	0	1	14	80	80	Godwars
spawn = 6232	2757	3484	0	1	14	80	80	Godwars
spawn = 6232	2751	3481	0	1	14	80	80	Godwars
spawn = 6232	2751	3479	0	1	14	80	80	Godwars
spawn = 6232	2718	3484	0	1	14	80	80	Godwars
spawn = 6232	2804	3419	0	1	14	80	80	Godwars
spawn = 6232	2757	3487	0	1	14	80	80	Godwars
spawn = 6232	2801	3462	0	1	14	80	80	Godwars
spawn = 6232	2776	3482	0	1	14	80	80	Godwars
spawn = 6232	2804	3484	0	1	14	80	80	Godwars
spawn = 6232	2807	3481	0	1	14	80	80	Godwars
spawn = 6232	2776	3482	0	1	14	80	80	Godwars
spawn = 6232	2776	3483	0	1	14	80	80	Godwars
spawn = 6232	2781	3505	0	1	14	80	80	Godwars
spawn = 6232	2775	3482	0	1	14	80	80	Godwars
spawn = 6232	2775	3481	0	1	14	80	80	Godwars
spawn = 6232	2758	3497	0	1	14	80	80	Godwars
spawn = 6232	2765	3487	0	1	14	80	80	Godwars
spawn = 6232	2765	3486	0	1	14	80	80	Godwars
spawn = 6232	2765	3486	0	1	14	80	80	Godwars
spawn = 6232	2762	3490	0	1	14	80	80	Godwars
spawn = 6232	2747	3486	0	1	14	80	80	Godwars
spawn = 6232	2771	3509	0	1	14	80	80	Godwars
spawn = 6232	2763	3494	0	1	14	80	80	Godwars
spawn = 6232	2755	3490	0	1	14	80	80	Godwars
spawn = 6232	2753	3494	0	1	14	80	80	Godwars
spawn = 6232	2765	3485	0	1	14	80	80	Godwars
spawn = 6232	2760	3496	0	1	14	80	80	Godwars
spawn = 6232	2755	3500	0	1	14	80	80	Godwars
spawn = 6232	2754	3495	0	1	14	80	80	Godwars
spawn = 6232	3085	3493	0	1	14	80	80	Godwars
spawn = 6232	3087	3496	0	1	14	80	80	Godwars
spawn = 6232	3175	3432	0	1	14	80	80	Godwars
spawn = 6232	3208	3382	0	1	14	80	80	Godwars
spawn = 6232	3179	3433	0	1	14	80	80	Godwars
spawn = 6232	3175	3447	0	1	14	80	80	Godwars
spawn = 6232	3179	3451	0	1	14	80	80	Godwars
spawn = 6232	3180	3448	0	1	14	80	80	Godwars
spawn = 6232	3189	3456	0	1	14	80	80	Godwars
spawn = 6232	3197	3448	0	1	14	80	80	Godwars
spawn = 6232	3191	3447	0	1	14	80	80	Godwars
spawn = 6232	3241	3382	0	1	14	80	80	Godwars
spawn = 6232	3249	3423	0	1	14	80	80	Godwars
spawn = 6232	3250	3425	0	1	14	80	80	Godwars
spawn = 6232	3260	3491	0	1	14	80	80	Godwars
spawn = 6232	3261	3490	0	1	14	80	80	Godwars
spawn = 6232	3252	3492	0	1	14	80	80	Godwars
spawn = 6232	3235	3500	0	1	14	80	80	Godwars
spawn = 6232	3183	3439	1	1	14	80	80	Godwars
spawn = 6232	3180	3401	0	1	14	80	80	Godwars
spawn = 6232	3180	3401	0	1	14	80	80	Godwars
spawn = 6232	3175	3419	1	1	14	80	80	Godwars
spawn = 6232	3174	3431	0	1	14	80	80	Godwars
spawn = 6232	3174	3425	0	1	14	80	80	Godwars
spawn = 6232	3174	3424	0	1	14	80	80	Godwars
spawn = 6232	3175	3423	0	1	14	80	80	Godwars
spawn = 6232	3174	3399	1	1	14	80	80	Godwars
spawn = 6232	3174	3400	1	1	14	80	80	Godwars
spawn = 6232	3174	3399	1	1	14	80	80	Godwars
spawn = 6232	3175	3419	1	1	14	80	80	Godwars
spawn = 6232	3176	3419	1	1	14	80	80	Godwars
spawn = 6232	3175	3423	0	1	14	80	80	Godwars
spawn = 6232	3176	3423	0	1	14	80	80	Godwars
spawn = 6232	3176	3423	0	1	14	80	80	Godwars
spawn = 6232	3175	3423	0	1	14	80	80	Godwars
spawn = 6232	3176	3401	1	1	14	80	80	Godwars
spawn = 6232	3176	3402	1	1	14	80	80	Godwars
spawn = 6232	3180	3401	0	1	14	80	80	Godwars
spawn = 6232	3180	3402	0	1	14	80	80	Godwars
spawn = 6232	3176	3401	1	1	14	80	80	Godwars
spawn = 6232	3191	3448	0	1	14	80	80	Godwars
spawn = 6232	3273	3426	0	1	14	80	80	Godwars
spawn = 6232	3273	3431	0	1	14	80	80	Godwars
spawn = 6232	3273	3427	0	1	14	80	80	Godwars
spawn = 6232	3272	3435	0	1	14	80	80	Godwars
spawn = 6232	3258	3396	0	1	14	80	80	Godwars
spawn = 6232	3250	3424	0	1	14	80	80	Godwars
spawn = 6232	3257	3419	0	1	14	80	80	Godwars
spawn = 6232	3254	3424	0	1	14	80	80	Godwars
spawn = 6232	3183	3441	0	1	14	80	80	Godwars
spawn = 6232	3182	3441	0	1	14	80	80	Godwars
spawn = 6232	2994	3615	0	1	14	80	80	Godwars
spawn = 6232	3288	3212	0	1	14	80	80	Godwars
spawn = 6232	3288	3212	0	1	14	80	80	Godwars
spawn = 6232	2910	9910	0	1	14	80	80	Godwars
spawn = 6232	2909	9910	0	1	14	80	80	Godwars
spawn = 6232	2909	9911	0	1	14	80	80	Godwars
spawn = 6232	2909	9909	0	1	14	80	80	Godwars
spawn = 6232	2910	9906	0	1	14	80	80	Godwars
spawn = 6232	2910	9906	0	1	14	80	80	Godwars
spawn = 6232	2910	9903	0	1	14	80	80	Godwars
spawn = 6232	2909	9909	0	1	14	80	80	Godwars
spawn = 6232	2905	9906	0	1	14	80	80	Godwars
spawn = 6232	2916	9906	0	1	14	80	80	Godwars
spawn = 6232	3087	3494	0	1	14	80	80	Godwars
spawn = 6232	3296	3650	0	1	14	80	80	Godwars
spawn = 6232	2523	4647	0	1	14	80	80	Godwars
spawn = 6232	2515	4632	0	1	14	80	80	Godwars
spawn = 6232	2526	4660	0	1	14	80	80	Godwars
spawn = 6232	2519	4633	0	1	14	80	80	Godwars
spawn = 6232	2510	4645	0	1	14	80	80	Godwars
spawn = 6232	2536	4648	0	1	14	80	80	Godwars
spawn = 6232	2515	4632	1	1	14	80	80	Godwars
spawn = 6232	2515	4632	0	1	14	80	80	Godwars
spawn = 6232	3097	3502	0	1	14	80	80	Godwars
spawn = 6232	2987	3746	0	1	14	80	80	Godwars
spawn = 6232	2987	3754	0	1	14	80	80	Godwars
spawn = 6232	2981	3753	0	1	14	80	80	Godwars
spawn = 6232	2974	3746	0	1	14	80	80	Godwars
spawn = 6232	2966	3746	0	1	14	80	80	Godwars
spawn = 6232	2966	3754	0	1	14	80	80	Godwars
spawn = 6232	3186	3811	0	1	14	80	80	Godwars
spawn = 6232	3196	3818	0	1	14	80	80	Godwars
spawn = 6232	3215	3819	0	1	14	80	80	Godwars
spawn = 6232	3201	3831	0	1	14	80	80	Godwars
spawn = 6232	3188	3836	0	1	14	80	80	Godwars
spawn = 6232	3211	3848	0	1	14	80	80	Godwars
spawn = 6232	3196	3849	0	1	14	80	80	Godwars
spawn = 6232	3042	3703	0	1	14	80	80	Godwars
spawn = 6232	3086	3498	0	1	14	80	80	Godwars
spawn = 6232	3476	9493	0	1	14	80	80	Godwars
spawn = 6232	3473	9510	0	1	14	80	80	Godwars
spawn = 6232	3495	9484	0	1	14	80	80	Godwars
spawn = 6232	3490	9489	0	1	14	80	80	Godwars
spawn = 6232	3087	3494	0	1	14	80	80	Godwars
spawn = 6232	3046	10326	0	1	14	80	80	Godwars
spawn = 6232	3046	10325	0	1	14	80	80	Godwars
spawn = 6232	3044	10323	0	1	14	80	80	Godwars
spawn = 6232	3045	10323	0	1	14	80	80	Godwars
spawn = 6232	3045	3927	0	1	14	80	80	Godwars
spawn = 6232	3044	3927	0	1	14	80	80	Godwars
spawn = 6232	3048	10309	0	1	14	80	80	Godwars
spawn = 6232	3053	10348	0	1	14	80	80	Godwars
spawn = 6232	3026	10344	0	1	14	80	80	Godwars
spawn = 6232	3425	3565	1	1	14	80	80	Godwars
spawn = 6232	3421	3566	1	1	14	80	80	Godwars
spawn = 6232	3416	3567	1	1	14	80	80	Godwars
spawn = 6232	3418	3559	1	1	14	80	80	Godwars
spawn = 6232	3422	3559	1	1	14	80	80	Godwars
spawn = 6232	3426	3559	1	1	14	80	80	Godwars
spawn = 6232	3425	3564	1	1	14	80	80	Godwars
spawn = 6232	3410	3571	1	1	14	80	80	Godwars
spawn = 6232	3412	3575	1	1	14	80	80	Godwars
spawn = 6232	3409	3573	1	1	14	80	80	Godwars
spawn = 6232	3418	3573	1	1	14	80	80	Godwars
spawn = 6232	3422	3574	1	1	14	80	80	Godwars
spawn = 6232	3427	3573	1	1	14	80	80	Godwars
spawn = 6232	3430	3538	0	1	14	80	80	Godwars
spawn = 6232	3431	3538	0	1	14	80	80	Godwars
spawn = 6232	3431	3540	0	1	14	80	80	Godwars
spawn = 6232	3439	3563	1	1	14	80	80	Godwars
spawn = 6232	3435	3564	1	1	14	80	80	Godwars
spawn = 6232	3433	3560	1	1	14	80	80	Godwars
spawn = 6232	3434	3556	1	1	14	80	80	Godwars
spawn = 6232	3441	3557	1	1	14	80	80	Godwars
spawn = 6232	3446	3557	1	1	14	80	80	Godwars
spawn = 6232	3438	3558	1	1	14	80	80	Godwars
spawn = 6232	3433	3574	1	1	14	80	80	Godwars
spawn = 6232	3433	3574	1	1	14	80	80	Godwars
spawn = 6232	3435	3572	1	1	14	80	80	Godwars
spawn = 6232	3440	3571	1	1	14	80	80	Godwars
spawn = 6232	3445	3573	1	1	14	80	80	Godwars
spawn = 6232	3447	3571	1	1	14	80	80	Godwars
spawn = 6232	3445	3570	1	1	14	80	80	Godwars
spawn = 6232	3446	3561	1	1	14	80	80	Godwars
spawn = 6232	3446	3556	1	1	14	80	80	Godwars
spawn = 6232	3411	3550	2	1	14	80	80	Godwars
spawn = 6232	3445	3558	2	1	14	80	80	Godwars
spawn = 6232	3443	3561	2	1	14	80	80	Godwars
spawn = 6232	3437	3559	2	1	14	80	80	Godwars
spawn = 6232	3437	3566	2	1	14	80	80	Godwars
spawn = 6232	3434	3572	2	1	14	80	80	Godwars
spawn = 6232	3443	3573	2	1	14	80	80	Godwars
spawn = 6232	3447	3571	2	1	14	80	80	Godwars
spawn = 6232	3442	3566	2	1	14	80	80	Godwars
spawn = 6232	3049	3610	0	1	14	80	80	Godwars
spawn = 6232	3093	3638	0	1	14	80	80	Godwars
spawn = 6232	3206	3654	0	1	14	80	80	Godwars
spawn = 6232	3293	3710	0	1	14	80	80	Godwars
spawn = 6232	3305	3831	0	1	14	80	80	Godwars
spawn = 6232	3235	3944	0	1	14	80	80	Godwars
spawn = 6232	3235	3945	0	1	14	80	80	Godwars
spawn = 6232	3412	3545	0	1	14	80	80	Godwars
spawn = 6232	2937	3395	1	1	14	80	80	Godwars
spawn = 6232	3219	9302	0	1	14	80	80	Godwars
spawn = 6232	3219	9303	0	1	14	80	80	Godwars
spawn = 6232	2967	3393	0	1	14	80	80	Godwars
spawn = 6232	2943	3400	0	1	14	80	80	Godwars
spawn = 6232	3038	3500	0	1	14	80	80	Godwars
spawn = 6232	3071	3410	0	1	14	80	80	Godwars
spawn = 6232	3051	3412	0	1	14	80	80	Godwars
spawn = 6232	2999	3410	0	1	14	80	80	Godwars
spawn = 6232	2950	3463	0	1	14	80	80	Godwars
spawn = 6232	2957	3388	0	1	14	80	80	Godwars
spawn = 6232	2958	3387	0	1	14	80	80	Godwars
spawn = 6232	2957	3372	0	1	14	80	80	Godwars
spawn = 6232	2957	3372	0	1	14	80	80	Godwars
spawn = 6232	2950	3387	0	1	14	80	80	Godwars
spawn = 6232	2949	3379	0	1	14	80	80	Godwars
spawn = 6232	2950	3379	0	1	14	80	80	Godwars
spawn = 6232	2944	3380	0	1	14	80	80	Godwars
spawn = 6232	3046	9757	0	1	14	80	80	Godwars
spawn = 6232	3046	9757	0	1	14	80	80	Godwars
spawn = 6232	3046	9756	0	1	14	80	80	Godwars
spawn = 6232	3021	9739	0	1	14	80	80	Godwars
spawn = 6232	3021	3339	0	1	14	80	80	Godwars
spawn = 6232	2271	4680	0	1	14	80	80	Godwars
spawn = 6232	2271	4680	0	1	14	80	80	Godwars
spawn = 6232	2717	9801	0	1	14	80	80	Godwars
spawn = 6232	3153	3923	0	1	14	80	80	Godwars
spawn = 6232	3291	3939	0	1	14	80	80	Godwars
spawn = 6232	3281	3942	0	1	14	80	80	Godwars
spawn = 6232	3288	3943	0	1	14	80	80	Godwars
spawn = 6232	2962	3377	0	1	14	80	80	Godwars
spawn = 6232	2976	3383	0	1	14	80	80	Godwars
spawn = 6232	2713	9825	0	1	14	80	80	Godwars
spawn = 6232	2711	9822	0	1	14	80	80	Godwars
spawn = 6232	2711	9817	0	1	14	80	80	Godwars
spawn = 6232	2715	9812	0	1	14	80	80	Godwars
spawn = 6232	2722	9811	0	1	14	80	80	Godwars
spawn = 6232	2713	9809	0	1	14	80	80	Godwars
spawn = 6232	2727	9819	0	1	14	80	80	Godwars
spawn = 6232	2723	9823	0	1	14	80	80	Godwars
spawn = 6232	2718	9826	0	1	14	80	80	Godwars
spawn = 6232	2717	9801	0	1	14	80	80	Godwars
spawn = 6232	2716	9829	0	1	14	80	80	Godwars
spawn = 6232	2708	9817	0	1	14	80	80	Godwars
spawn = 6232	2729	9819	0	1	14	80	80	Godwars
spawn = 6232	2716	9829	0	1	14	80	80	Godwars
spawn = 6232	2729	9818	0	1	14	80	80	Godwars
spawn = 6232	3008	3402	0	1	14	80	80	Godwars
spawn = 6232	2993	3414	0	1	14	80	80	Godwars
spawn = 6232	3042	3421	0	1	14	80	80	Godwars
spawn = 6232	3058	3409	0	1	14	80	80	Godwars
spawn = 6232	2942	3454	0	1	14	80	80	Godwars
spawn = 6232	2956	3468	0	1	14	80	80	Godwars
spawn = 6232	3029	3692	0	1	14	80	80	Godwars
spawn = 6232	3025	3695	0	1	14	80	80	Godwars
spawn = 6232	3026	3690	0	1	14	80	80	Godwars
spawn = 6232	3043	3696	0	1	14	80	80	Godwars
spawn = 6232	3033	3703	0	1	14	80	80	Godwars
spawn = 6232	3042	3690	0	1	14	80	80	Godwars
spawn = 6232	3045	3696	0	1	14	80	80	Godwars
spawn = 6232	3042	3690	0	1	14	80	80	Godwars
spawn = 6232	3031	3704	0	1	14	80	80	Godwars
spawn = 6232	3030	3697	0	1	14	80	80	Godwars
spawn = 6232	3031	3697	0	1	14	80	80	Godwars
spawn = 6232	3036	3692	0	1	14	80	80	Godwars
spawn = 6232	2961	9784	0	1	14	80	80	Godwars
spawn = 6232	2961	9785	0	1	14	80	80	Godwars
spawn = 6232	2961	9787	0	1	14	80	80	Godwars
spawn = 6232	2957	9786	0	1	14	80	80	Godwars
spawn = 6232	2955	9784	0	1	14	80	80	Godwars
spawn = 6232	2955	9789	0	1	14	80	80	Godwars
spawn = 6232	2956	9793	0	1	14	80	80	Godwars
spawn = 6232	2961	9791	0	1	14	80	80	Godwars
spawn = 6232	2966	9790	0	1	14	80	80	Godwars
spawn = 6232	2965	9785	0	1	14	80	80	Godwars
spawn = 6232	2965	9780	0	1	14	80	80	Godwars
spawn = 6232	2965	9775	0	1	14	80	80	Godwars
spawn = 6232	2960	9775	0	1	14	80	80	Godwars
spawn = 6232	2955	9776	0	1	14	80	80	Godwars
spawn = 6232	2955	9781	0	1	14	80	80	Godwars
spawn = 6232	2960	9780	0	1	14	80	80	Godwars
spawn = 6232	2964	9780	0	1	14	80	80	Godwars
spawn = 6232	2966	9776	0	1	14	80	80	Godwars
spawn = 6232	2961	9778	0	1	14	80	80	Godwars
spawn = 6232	2953	9795	0	1	14	80	80	Godwars
spawn = 6232	2961	9794	0	1	14	80	80	Godwars
spawn = 6232	2967	9792	0	1	14	80	80	Godwars
spawn = 6232	2965	9794	0	1	14	80	80	Godwars
spawn = 6232	2945	9771	0	1	14	80	80	Godwars
spawn = 6232	2966	9797	0	1	14	80	80	Godwars
spawn = 6232	2969	9795	0	1	14	80	80	Godwars
spawn = 6232	2884	9798	0	1	14	80	80	Godwars
spawn = 6232	2978	3414	0	1	14	80	80	Godwars
spawn = 6232	1889	4408	0	1	14	80	80	Godwars
spawn = 6232	2917	4449	0	1	14	80	80	Godwars
spawn = 6232	2915	4448	0	1	14	80	80	Godwars
spawn = 6232	2912	4444	0	1	14	80	80	Godwars
spawn = 6232	2913	4451	0	1	14	80	80	Godwars
spawn = 6232	2442	10147	0	1	14	80	80	Godwars
spawn = 6232	2490	10147	0	1	14	80	80	Godwars
spawn = 6232	2489	10147	0	1	14	80	80	Godwars
spawn = 6232	2490	10146	0	1	14	80	80	Godwars
spawn = 6232	2542	10143	0	1	14	80	80	Godwars
spawn = 6232	2541	10143	0	1	14	80	80	Godwars
spawn = 6232	2542	10143	0	1	14	80	80	Godwars
spawn = 6232	2544	10143	0	1	14	80	80	Godwars
spawn = 6232	2545	10144	0	1	14	80	80	Godwars
spawn = 6232	2545	10144	0	1	14	80	80	Godwars
spawn = 6232	2545	10143	0	1	14	80	80	Godwars
spawn = 6232	2545	10142	0	1	14	80	80	Godwars
spawn = 6232	1890	4409	0	1	14	80	80	Godwars
spawn = 6232	1863	4373	2	1	14	80	80	Godwars
spawn = 6232	2545	10143	0	1	14	80	80	Godwars
spawn = 6232	1864	4387	2	1	14	80	80	Godwars
spawn = 6232	1863	4370	1	1	14	80	80	Godwars
spawn = 6232	1890	4409	1	1	14	80	80	Godwars
spawn = 6232	2382	5167	0	1	14	80	80	Godwars
spawn = 6232	2382	5167	0	1	14	80	80	Godwars
spawn = 6232	2385	5131	0	1	14	80	80	Godwars
spawn = 6232	3429	3538	0	1	14	80	80	Godwars
spawn = 6232	3154	3618	1	1	14	80	80	Godwars
spawn = 6232	3240	3606	0	1	14	80	80	Godwars
spawn = 6232	2397	4708	0	1	14	80	80	Godwars
spawn = 6232	2397	4707	0	1	14	80	80	Godwars
spawn = 6232	2421	4691	0	1	14	80	80	Godwars
spawn = 6232	2986	3597	0	1	14	80	80	Godwars
spawn = 6232	2999	3593	0	1	14	80	80	Godwars
spawn = 6232	3000	3592	0	1	14	80	80	Godwars
spawn = 6232	3002	3586	0	1	14	80	80	Godwars
spawn = 6232	2964	3628	0	1	14	80	80	Godwars
spawn = 6232	3129	3518	0	1	14	80	80	Godwars
spawn = 6232	2836	9824	0	1	14	80	80	Godwars
spawn = 6232	3265	3929	0	1	14	80	80	Godwars
spawn = 6232	3233	9319	0	1	14	80	80	Godwars
spawn = 6232	2449	4468	0	1	14	80	80	Godwars
spawn = 6232	2384	4458	0	1	14	80	80	Godwars
spawn = 6232	2384	4458	0	1	14	80	80	Godwars
spawn = 6232	2455	4466	0	1	14	80	80	Godwars
spawn = 6232	2453	4471	0	1	14	80	80	Godwars
spawn = 6232	2452	4471	0	1	14	80	80	Godwars
spawn = 6232	2456	4466	0	1	14	80	80	Godwars
spawn = 6232	2456	4469	0	1	14	80	80	Godwars
spawn = 6232	2456	4471	0	1	14	80	80	Godwars
spawn = 6232	2453	4472	0	1	14	80	80	Godwars
spawn = 6232	2450	4465	0	1	14	80	80	Godwars
spawn = 6232	2455	4466	0	1	14	80	80	Godwars
spawn = 6232	3093	3513	0	1	14	80	80	Godwars
spawn = 6232	3092	3513	0	1	14	80	80	Godwars
spawn = 6232	3093	3513	0	1	14	80	80	Godwars
spawn = 6232	3093	3512	0	1	14	80	80	Godwars
spawn = 6232	3093	3514	0	1	14	80	80	Godwars
spawn = 6232	3092	3514	0	1	14	80	80	Godwars
spawn = 6232	3093	3513	0	1	14	80	80	Godwars
spawn = 6232	2409	4377	0	1	14	80	80	Godwars
spawn = 6232	2408	4394	0	1	14	80	80	Godwars
spawn = 6232	2408	4394	0	1	14	80	80	Godwars
spawn = 6232	2408	4393	0	1	14	80	80	Godwars
spawn = 6232	2408	4394	0	1	14	80	80	Godwars
spawn = 6232	2408	4396	0	1	14	80	80	Godwars
spawn = 6232	2415	4401	0	1	14	80	80	Godwars
spawn = 6232	2415	4401	0	1	14	80	80	Godwars
spawn = 6232	2400	4402	0	1	14	80	80	Godwars
spawn = 6232	2402	4384	0	1	14	80	80	Godwars
spawn = 6232	2424	4369	0	1	14	80	80	Godwars
spawn = 6232	2461	4356	0	1	14	80	80	Godwars
spawn = 6232	2464	4364	0	1	14	80	80	Godwars
spawn = 6232	2484	4373	0	1	14	80	80	Godwars
spawn = 6232	2481	4381	0	1	14	80	80	Godwars
spawn = 6232	2489	4364	0	1	14	80	80	Godwars
spawn = 6232	3003	3407	0	1	14	80	80	Godwars
spawn = 6232	3232	3940	0	1	14	80	80	Godwars
spawn = 6232	3258	3944	0	1	14	80	80	Godwars
spawn = 6232	1913	4367	0	1	14	80	80	Godwars
spawn = 6232	2461	4372	0	1	14	80	80	Godwars
spawn = 6232	2453	4366	0	1	14	80	80	Godwars
spawn = 6232	2451	4361	0	1	14	80	80	Godwars
spawn = 6232	2431	4441	0	1	14	80	80	Godwars
spawn = 6232	2429	4444	0	1	14	80	80	Godwars
spawn = 6232	2429	4448	0	1	14	80	80	Godwars
spawn = 6232	2426	4450	0	1	14	80	80	Godwars
spawn = 6232	2422	4450	0	1	14	80	80	Godwars
spawn = 6232	2423	4446	0	1	14	80	80	Godwars
spawn = 6232	2424	4442	0	1	14	80	80	Godwars
spawn = 6232	2427	4440	0	1	14	80	80	Godwars
spawn = 6232	2428	4437	0	1	14	80	80	Godwars
spawn = 6232	2458	4463	0	1	14	80	80	Godwars
spawn = 6232	2446	4472	0	1	14	80	80	Godwars
spawn = 6232	3412	3540	1	1	14	80	80	Godwars
spawn = 6232	3412	3541	1	1	14	80	80	Godwars
spawn = 6232	3417	3540	2	1	14	80	80	Godwars
spawn = 6232	3417	3541	2	1	14	80	80	Godwars
spawn = 6232	3433	3538	1	1	14	80	80	Godwars
spawn = 6232	3433	3537	1	1	14	80	80	Godwars
spawn = 6232	3438	3537	0	1	14	80	80	Godwars
spawn = 6232	3438	3538	0	1	14	80	80	Godwars
spawn = 6232	2907	9830	0	1	14	80	80	Godwars
spawn = 6232	2909	9840	0	1	14	80	80	Godwars
spawn = 6232	2913	9838	0	1	14	80	80	Godwars
spawn = 6232	2916	9829	0	1	14	80	80	Godwars
spawn = 6232	2924	9833	0	1	14	80	80	Godwars
spawn = 6232	2921	9826	0	1	14	80	80	Godwars
spawn = 6232	3080	3504	0	1	14	80	80	Godwars
spawn = 6232	2469	4438	0	1	14	80	80	Godwars
spawn = 6232	2469	4437	0	1	14	80	80	Godwars
spawn = 6232	2468	4437	0	1	14	80	80	Godwars
spawn = 6232	2465	4434	0	1	14	80	80	Godwars
spawn = 6232	2466	4434	0	1	14	80	80	Godwars
spawn = 6232	2487	4427	0	1	14	80	80	Godwars
spawn = 6232	2485	4426	0	1	14	80	80	Godwars
spawn = 6232	2485	4426	0	1	14	80	80	Godwars
spawn = 6232	2486	4427	0	1	14	80	80	Godwars
spawn = 6232	2486	4425	0	1	14	80	80	Godwars
spawn = 6232	2484	4425	0	1	14	80	80	Godwars
spawn = 6232	2484	4427	0	1	14	80	80	Godwars
spawn = 6232	2466	4422	0	1	14	80	80	Godwars
spawn = 6232	2465	4421	0	1	14	80	80	Godwars
spawn = 6232	2465	4423	0	1	14	80	80	Godwars
spawn = 6232	2467	4423	0	1	14	80	80	Godwars
spawn = 6232	2467	4421	0	1	14	80	80	Godwars
spawn = 6232	2475	4441	0	1	14	80	80	Godwars
spawn = 6232	2475	4439	0	1	14	80	80	Godwars
spawn = 6232	2473	4439	0	1	14	80	80	Godwars
spawn = 6232	2474	4440	0	1	14	80	80	Godwars
spawn = 6232	2473	4441	0	1	14	80	80	Godwars
spawn = 6232	2483	4452	0	1	14	80	80	Godwars
spawn = 6232	2491	4452	0	1	14	80	80	Godwars
spawn = 6232	2490	4451	0	1	14	80	80	Godwars
spawn = 6232	2491	4450	0	1	14	80	80	Godwars
spawn = 6232	2489	4450	0	1	14	80	80	Godwars
spawn = 6232	2489	4452	0	1	14	80	80	Godwars
spawn = 6232	2476	4449	0	1	14	80	80	Godwars
spawn = 6232	2476	4447	0	1	14	80	80	Godwars
spawn = 6232	2475	4448	0	1	14	80	80	Godwars
spawn = 6232	2474	4447	0	1	14	80	80	Godwars
spawn = 6232	2474	4449	0	1	14	80	80	Godwars
spawn = 6232	2472	4465	0	1	14	80	80	Godwars
spawn = 6232	2491	4419	0	1	14	80	80	Godwars
spawn = 6232	2383	4722	2	1	14	80	80	Godwars
spawn = 6232	2376	4718	0	1	14	80	80	Godwars
spawn = 6232	2379	4715	0	1	14	80	80	Godwars
spawn = 6232	2378	4713	0	1	14	80	80	Godwars
spawn = 6232	2379	4713	0	1	14	80	80	Godwars
spawn = 6232	2390	4717	0	1	14	80	80	Godwars
spawn = 6232	2390	4717	0	1	14	80	80	Godwars
spawn = 6232	2479	4715	0	1	14	80	80	Godwars
spawn = 6232	2418	4373	0	1	14	80	80	Godwars
spawn = 6232	2409	4373	0	1	14	80	80	Godwars
spawn = 6232	2409	4373	0	1	14	80	80	Godwars
spawn = 6232	2407	4380	0	1	14	80	80	Godwars
spawn = 6232	2411	4376	0	1	14	80	80	Godwars
spawn = 6232	3217	3219	0	1	14	80	80	Godwars
spawn = 6232	3209	3218	2	1	14	80	80	Godwars
spawn = 6232	3190	3957	0	1	14	80	80	Godwars
spawn = 6232	3191	3963	0	1	14	80	80	Godwars
spawn = 6232	3191	3963	0	1	14	80	80	Godwars
spawn = 6232	3190	3957	0	1	14	80	80	Godwars
spawn = 6232	3190	3956	0	1	14	80	80	Godwars
spawn = 6232	3191	3962	0	1	14	80	80	Godwars
spawn = 6232	3190	3958	0	1	14	80	80	Godwars
spawn = 6232	2467	4421	0	1	14	80	80	Godwars
spawn = 6232	2477	4419	0	1	14	80	80	Godwars
spawn = 6232	2476	4418	0	1	14	80	80	Godwars
spawn = 6232	2476	4420	0	1	14	80	80	Godwars
spawn = 6232	2478	4420	0	1	14	80	80	Godwars
spawn = 6232	2478	4418	0	1	14	80	80	Godwars
spawn = 6232	2970	3755	0	1	14	80	80	Godwars
spawn = 6232	2970	3748	0	1	14	80	80	Godwars
spawn = 6232	2970	3742	0	1	14	80	80	Godwars
spawn = 6232	2978	3743	0	1	14	80	80	Godwars
spawn = 6232	2978	3748	0	1	14	80	80	Godwars
spawn = 6232	2978	3755	0	1	14	80	80	Godwars
spawn = 6232	2958	3764	0	1	14	80	80	Godwars
spawn = 6232	2993	3737	0	1	14	80	80	Godwars
spawn = 6232	2446	4469	0	1	14	80	80	Godwars
spawn = 6232	2447	4469	0	1	14	80	80	Godwars
spawn = 6232	2950	3683	0	1	14	80	80	Godwars
spawn = 6232	3087	3497	0	1	14	80	80	Godwars
spawn = 6232	2903	9803	0	1	14	80	80	Godwars
spawn = 6232	3100	3509	0	1	14	80	80	Godwars
spawn = 6232	3101	3510	0	1	14	80	80	Godwars
spawn = 6232	3023	3632	0	1	14	80	80	Godwars
spawn = 6232	3019	3631	0	1	14	80	80	Godwars
spawn = 6232	2903	9797	0	1	14	80	80	Godwars
spawn = 6232	2906	9802	0	1	14	80	80	Godwars
spawn = 6232	2909	9804	0	1	14	80	80	Godwars
spawn = 6232	2918	9800	0	1	14	80	80	Godwars
spawn = 6232	2916	9805	0	1	14	80	80	Godwars
spawn = 6232	2912	9810	0	1	14	80	80	Godwars
spawn = 6232	2913	9800	0	1	14	80	80	Godwars
spawn = 6232	2948	3695	0	1	14	80	80	Godwars
spawn = 6232	2871	5318	2	1	14	80	80	Godwars
spawn = 6232	2889	5258	2	1	14	80	80	Godwars
spawn = 6232	2889	5258	0	1	14	80	80	Godwars
spawn = 6232	3106	3933	0	1	14	80	80	Godwars
spawn = 6232	3113	3936	0	1	14	80	80	Godwars
spawn = 6232	3105	3933	0	1	14	80	80	Godwars
spawn = 6232	3084	3934	0	1	14	80	80	Godwars
spawn = 6232	3102	3951	0	1	14	80	80	Godwars
spawn = 6232	3083	3948	0	1	14	80	80	Godwars
spawn = 6232	3124	3937	0	1	14	80	80	Godwars
spawn = 6232	3125	3937	0	1	14	80	80	Godwars
spawn = 6232	3089	3934	0	1	14	80	80	Godwars
spawn = 6232	3086	3942	0	1	14	80	80	Godwars
spawn = 6232	3087	3940	0	1	14	80	80	Godwars
spawn = 6232	3084	3940	0	1	14	80	80	Godwars
spawn = 6232	3086	3921	0	1	14	80	80	Godwars
spawn = 6232	3093	3914	0	1	14	80	80	Godwars
spawn = 6232	3117	3914	0	1	14	80	80	Godwars
spawn = 6232	3124	3921	0	1	14	80	80	Godwars
spawn = 6232	3124	3921	0	1	14	80	80	Godwars
spawn = 6232	3123	3924	0	1	14	80	80	Godwars
spawn = 6232	3126	3923	0	1	14	80	80	Godwars
spawn = 6232	3124	3943	0	1	14	80	80	Godwars
spawn = 6232	3101	3952	0	1	14	80	80	Godwars
spawn = 6232	3096	3952	0	1	14	80	80	Godwars
spawn = 6232	3115	3952	0	1	14	80	80	Godwars
spawn = 6232	2793	4731	200	1	14	80	80	Godwars
spawn = 6232	2807	4712	200	1	14	80	80	Godwars
spawn = 6232	2802	4718	0	1	14	80	80	Godwars
spawn = 6232	2805	4715	100	1	14	80	80	Godwars
spawn = 6232	2804	4716	100	1	14	80	80	Godwars
spawn = 6232	2801	4711	200	1	14	80	80	Godwars
spawn = 6232	2800	4711	200	1	14	80	80	Godwars
spawn = 6232	2811	4723	100	1	14	80	80	Godwars
spawn = 6232	2807	4727	100	1	14	80	80	Godwars
spawn = 6232	2807	4723	100	1	14	80	80	Godwars
spawn = 6232	2811	4716	4	1	14	80	80	Godwars
spawn = 6232	2802	4719	0	1	14	80	80	Godwars
spawn = 6232	3087	3497	100	1	14	80	80	Godwars
spawn = 6232	2456	4463	0	1	14	80	80	Godwars
spawn = 6232	2523	4777	104	1	14	80	80	Godwars
spawn = 6232	3087	3496	0	1	14	80	80	Godwars
spawn = 6232	2530	4777	104	1	14	80	80	Godwars
spawn = 6232	2531	4777	104	1	14	80	80	Godwars
spawn = 6232	3087	3497	0	1	14	80	80	Godwars
spawn = 6232	2794	4729	0	1	14	80	80	Godwars
spawn = 6232	2802	4718	0	1	14	80	80	Godwars
spawn = 6232	2800	4728	0	1	14	80	80	Godwars
spawn = 6232	2790	4728	0	1	14	80	80	Godwars
spawn = 6232	2806	4723	0	1	14	80	80	Godwars
spawn = 6232	2800	4724	0	1	14	80	80	Godwars
spawn = 6232	2795	4725	0	1	14	80	80	Godwars
spawn = 6232	2400	3500	0	1	14	80	80	Godwars
spawn = 6232	2350	3000	0	1	14	80	80	Godwars
spawn = 6232	2350	3250	0	1	14	80	80	Godwars
spawn = 6232	2300	3250	0	1	14	80	80	Godwars
spawn = 6232	2325	3350	0	1	14	80	80	Godwars
spawn = 6232	2300	3400	0	1	14	80	80	Godwars
spawn = 6232	2241	3277	0	1	14	80	80	Godwars
spawn = 6232	2241	2375	0	1	14	80	80	Godwars
spawn = 6232	2303	3209	0	1	14	80	80	Godwars
spawn = 6232	2289	3148	0	1	14	80	80	Godwars
spawn = 6232	2289	3148	0	1	14	80	80	Godwars
spawn = 6232	2275	3175	0	1	14	80	80	Godwars
spawn = 6232	2243	3193	0	1	14	80	80	Godwars
spawn = 6232	2179	3254	0	1	14	80	80	Godwars
spawn = 6232	2241	3277	0	1	14	80	80	Godwars
spawn = 6232	2256	3270	0	1	14	80	80	Godwars
spawn = 6232	2256	3269	0	1	14	80	80	Godwars
spawn = 6232	2256	3268	0	1	14	80	80	Godwars
spawn = 6232	2255	3264	0	1	14	80	80	Godwars
spawn = 6232	2243	3270	0	1	14	80	80	Godwars
spawn = 6232	2256	3268	0	1	14	80	80	Godwars
spawn = 6232	2256	3270	0	1	14	80	80	Godwars
spawn = 6232	2255	3264	0	1	14	80	80	Godwars
spawn = 6232	2240	3271	0	1	14	80	80	Godwars
spawn = 6232	2244	3270	0	1	14	80	80	Godwars
spawn = 6232	2251	3266	0	1	14	80	80	Godwars
spawn = 6232	2243	3264	0	1	14	80	80	Godwars
spawn = 6232	2242	3262	0	1	14	80	80	Godwars
spawn = 6232	2230	3273	0	1	14	80	80	Godwars
spawn = 6232	2230	3275	0	1	14	80	80	Godwars
spawn = 6232	2230	3275	0	1	14	80	80	Godwars
spawn = 6232	2275	3275	0	1	14	80	80	Godwars
spawn = 6232	2265	3275	0	1	14	80	80	Godwars
spawn = 6232	2270	3275	0	1	14	80	80	Godwars
spawn = 6232	2234	3264	0	1	14	80	80	Godwars
spawn = 6232	2220	3250	0	1	14	80	80	Godwars
spawn = 6232	2220	3250	0	1	14	80	80	Godwars
spawn = 6232	2242	3267	0	1	14	80	80	Godwars
spawn = 6232	3105	3546	0	1	14	80	80	Godwars
spawn = 6232	3200	3546	0	1	14	80	80	Godwars
spawn = 6232	3250	3546	0	1	14	80	80	Godwars
spawn = 6232	3300	3546	0	1	14	80	80	Godwars
spawn = 6232	3300	3700	0	1	14	80	80	Godwars
spawn = 6232	3350	3700	0	1	14	80	80	Godwars
spawn = 6232	3363	3814	0	1	14	80	80	Godwars
spawn = 6232	3363	3816	0	1	14	80	80	Godwars
spawn = 6232	3363	3815	0	1	14	80	80	Godwars
spawn = 6232	3366	3803	0	1	14	80	80	Godwars
spawn = 6232	3369	3800	0	1	14	80	80	Godwars
spawn = 6232	3369	3800	0	1	14	80	80	Godwars
spawn = 6232	3372	3800	0	1	14	80	80	Godwars
spawn = 6232	3372	3800	0	1	14	80	80	Godwars
spawn = 6232	3362	3801	0	1	14	80	80	Godwars
spawn = 6232	3366	3809	0	1	14	80	80	Godwars
spawn = 6232	3372	3809	0	1	14	80	80	Godwars
spawn = 6232	3366	3811	0	1	14	80	80	Godwars
spawn = 6232	3366	3811	0	1	14	80	80	Godwars
spawn = 6232	3366	3809	0	1	14	80	80	Godwars
spawn = 6232	3359	3816	0	1	14	80	80	Godwars
spawn = 6232	3354	3808	0	1	14	80	80	Godwars
spawn = 6232	3372	3897	0	1	14	80	80	Godwars
spawn = 6232	3380	3962	0	1	14	80	80	Godwars
spawn = 6232	3380	3965	0	1	14	80	80	Godwars
spawn = 6232	3380	3966	0	1	14	80	80	Godwars
spawn = 6232	3380	3966	0	1	14	80	80	Godwars
spawn = 6232	3379	3966	0	1	14	80	80	Godwars
spawn = 6232	3379	3966	0	1	14	80	80	Godwars
spawn = 6232	3379	3966	0	1	14	80	80	Godwars
spawn = 6232	3380	3958	0	1	14	80	80	Godwars
spawn = 6232	3379	3961	0	1	14	80	80	Godwars
spawn = 6232	3380	3958	0	1	14	80	80	Godwars
spawn = 6232	3381	3963	0	1	14	80	80	Godwars
spawn = 6232	3379	3958	0	1	14	80	80	Godwars
spawn = 6232	3378	3959	0	1	14	80	80	Godwars
spawn = 6232	3383	3960	0	1	14	80	80	Godwars
spawn = 6232	3380	3963	0	1	14	80	80	Godwars
spawn = 6232	3390	3966	0	1	14	80	80	Godwars
spawn = 6232	3390	3966	0	1	14	80	80	Godwars
spawn = 6232	3370	3950	0	1	14	80	80	Godwars
spawn = 6232	3380	3963	0	1	14	80	80	Godwars
spawn = 6232	3381	3963	0	1	14	80	80	Godwars
spawn = 6232	3381	3963	0	1	14	80	80	Godwars
spawn = 6232	3382	3961	0	1	14	80	80	Godwars
spawn = 6232	3381	3963	0	1	14	80	80	Godwars
spawn = 6232	3380	3963	0	1	14	80	80	Godwars
spawn = 6232	3377	3961	0	1	14	80	80	Godwars
spawn = 6232	3380	3962	0	1	14	80	80	Godwars
spawn = 6232	3381	3690	0	1	14	80	80	Godwars
spawn = 6232	3363	3960	0	1	14	80	80	Godwars
spawn = 6232	3380	3963	0	1	14	80	80	Godwars
spawn = 6232	3300	3963	0	1	14	80	80	Godwars
spawn = 6232	3294	3933	0	1	14	80	80	Godwars
spawn = 6232	3092	3526	0	1	14	80	80	Godwars
spawn = 6232	3090	3956	0	1	14	80	80	Godwars
spawn = 6232	3150	3956	0	1	14	80	80	Godwars
spawn = 6232	3225	3956	0	1	14	80	80	Godwars
spawn = 6232	3240	3938	0	1	14	80	80	Godwars
spawn = 6232	3090	3956	0	1	14	80	80	Godwars
spawn = 6232	3105	3933	0	1	14	80	80	Godwars
spawn = 6232	3096	3503	0	1	14	80	80	Godwars
spawn = 6232	3125	3945	0	1	14	80	80	Godwars
spawn = 6232	2755	3501	0	1	14	80	80	Godwars
spawn = 6232	3089	3526	0	1	14	80	80	Godwars
spawn = 6232	3150	3900	0	1	14	80	80	Godwars
spawn = 6232	3175	3950	0	1	14	80	80	Godwars
spawn = 6232	3225	3950	0	1	14	80	80	Godwars
spawn = 6232	2522	4779	100	1	14	80	80	Godwars
spawn = 6232	2524	4777	100	1	14	80	80	Godwars
spawn = 6232	2522	4775	100	1	14	80	80	Godwars
spawn = 6232	3096	3503	0	1	14	80	80	Godwars
spawn = 6232	3093	3958	0	1	14	80	80	Godwars
spawn = 6232	3092	3956	0	1	14	80	80	Godwars
spawn = 6232	3093	3958	0	1	14	80	80	Godwars
spawn = 6232	3094	3956	0	1	14	80	80	Godwars
spawn = 6232	3095	3957	0	1	14	80	80	Godwars
spawn = 6232	3095	3958	0	1	14	80	80	Godwars
spawn = 6232	3092	3956	0	1	14	80	80	Godwars
spawn = 6232	3092	3956	0	1	14	80	80	Godwars
spawn = 6232	3096	3958	0	1	14	80	80	Godwars
spawn = 6232	3095	3958	0	1	14	80	80	Godwars
spawn = 6232	3092	3957	0	1	14	80	80	Godwars
spawn = 6232	3092	3957	0	1	14	80	80	Godwars
spawn = 6232	3095	3957	0	1	14	80	80	Godwars
spawn = 6232	3007	3849	0	1	14	80	80	Godwars
spawn = 6232	3008	3850	0	1	14	80	80	Godwars
spawn = 6232	3007	3849	0	1	14	80	80	Godwars
spawn = 6232	3087	3950	0	1	14	80	80	Godwars
spawn = 6232	3100	3900	0	1	14	80	80	Godwars
spawn = 6232	3175	3925	0	1	14	80	80	Godwars
spawn = 6232	3087	3900	0	1	14	80	80	Godwars
spawn = 6232	3125	3975	0	1	14	80	80	Godwars
spawn = 6232	3125	3950	0	1	14	80	80	Godwars
spawn = 6232	3105	3933	0	1	14	80	80	Godwars
spawn = 6232	3089	3502	0	1	14	80	80	Godwars
spawn = 6232	3096	9867	0	1	14	80	80	Godwars
spawn = 6232	3096	9900	0	1	14	80	80	Godwars
spawn = 6232	3069	9950	0	1	14	80	80	Godwars
spawn = 6232	3096	9950	0	1	14	80	80	Godwars
spawn = 6232	3105	9975	0	1	14	80	80	Godwars
spawn = 6232	3086	3539	0	1	14	80	80	Godwars
spawn = 6232	3086	3800	0	1	14	80	80	Godwars
spawn = 6232	3086	3900	0	1	14	80	80	Godwars
spawn = 6232	3250	3900	0	1	14	80	80	Godwars
spawn = 6232	3275	3900	0	1	14	80	80	Godwars
spawn = 6232	3350	3900	0	1	14	80	80	Godwars
spawn = 6232	3380	3960	0	1	14	80	80	Godwars
spawn = 6232	15000	15000	0	1	14	80	80	Godwars
spawn = 6232	3087	3497	0	1	14	80	80	Godwars
spawn = 6232	15000	15000	15000	1	14	80	80	Godwars
spawn = 6232	15000	15000	15000	1	14	80	80	Godwars
spawn = 6232	3088	3521	0	1	14	80	80	Godwars
spawn = 6232	3074	3526	0	1	14	80	80	Godwars
spawn = 6232	3125	3900	0	1	14	80	80	Godwars
spawn = 6232	3250	3925	0	1	14	80	80	Godwars
spawn = 6232	3325	3925	0	1	14	80	80	Godwars
spawn = 6232	3275	3925	0	1	14	80	80	Godwars
spawn = 6232	3295	3937	0	1	14	80	80	Godwars
spawn = 6232	3325	3950	0	1	14	80	80	Godwars
spawn = 6232	3350	3925	0	1	14	80	80	Godwars
spawn = 6232	3379	3959	0	1	14	80	80	Godwars
spawn = 6232	3375	3940	0	1	14	80	80	Godwars
spawn = 6232	3375	3960	0	1	14	80	80	Godwars
spawn = 6232	3380	3960	0	1	14	80	80	Godwars
spawn = 6232	3105	3951	0	1	14	80	80	Godwars
spawn = 6232	3115	3941	0	1	14	80	80	Godwars
spawn = 6232	3150	3955	0	1	14	80	80	Godwars
spawn = 6232	3250	3940	0	1	14	80	80	Godwars
spawn = 6232	3270	3940	0	1	14	80	80	Godwars
spawn = 6232	3043	3917	0	1	14	80	80	Godwars
spawn = 6232	3150	3915	0	1	14	80	80	Godwars
spawn = 6232	3150	3915	0	1	14	80	80	Godwars
spawn = 6232	3225	3915	0	1	14	80	80	Godwars
spawn = 6232	3275	3915	0	1	14	80	80	Godwars
spawn = 6232	2455	4466	0	1	14	80	80	Godwars
spawn = 6232	2455	4440	0	1	14	80	80	Godwars
spawn = 6232	2420	4420	0	1	14	80	80	Godwars
spawn = 6232	2360	4380	0	1	14	80	80	Godwars
spawn = 6232	2400	4380	0	1	14	80	80	Godwars
spawn = 6232	2360	4365	0	1	14	80	80	Godwars
spawn = 6232	2360	4365	0	1	14	80	80	Godwars
spawn = 6232	2360	4390	0	1	14	80	80	Godwars
spawn = 6232	2460	4440	0	1	14	80	80	Godwars
spawn = 6232	2443	4427	0	1	14	80	80	Godwars
spawn = 6232	2442	4422	0	1	14	80	80	Godwars
spawn = 6232	2442	4400	0	1	14	80	80	Godwars
spawn = 6232	2442	4400	0	1	14	80	80	Godwars
spawn = 6232	2420	4400	0	1	14	80	80	Godwars
spawn = 6232	2422	4382	0	1	14	80	80	Godwars
spawn = 6232	2450	4390	0	1	14	80	80	Godwars
spawn = 6232	2465	4359	0	1	14	80	80	Godwars
spawn = 6232	2489	4382	0	1	14	80	80	Godwars
spawn = 6232	2455	4390	0	1	14	80	80	Godwars
spawn = 6232	2495	4390	0	1	14	80	80	Godwars
spawn = 6232	2495	4390	0	1	14	80	80	Godwars
spawn = 6232	2455	4466	0	1	14	80	80	Godwars
spawn = 6232	2415	4403	0	1	14	80	80	Godwars
spawn = 6232	2518	4767	100	1	14	80	80	Godwars
spawn = 6232	2504	4758	100	1	14	80	80	Godwars
spawn = 6232	2541	4783	104	1	14	80	80	Godwars
spawn = 6232	2550	4790	104	1	14	80	80	Godwars
spawn = 6232	2886	9799	0	1	14	80	80	Godwars
spawn = 6232	2950	9799	0	1	14	80	80	Godwars
spawn = 6232	2945	9769	0	1	14	80	80	Godwars
spawn = 6232	2940	9769	0	1	14	80	80	Godwars
spawn = 6232	2940	9769	0	1	14	80	80	Godwars
spawn = 6232	2940	9769	0	1	14	80	80	Godwars
spawn = 6232	2960	9799	0	1	14	80	80	Godwars
spawn = 6232	2980	9799	0	1	14	80	80	Godwars
spawn = 6232	2980	9799	0	1	14	80	80	Godwars
spawn = 6232	3294	3931	0	1	14	80	80	Godwars
spawn = 6232	3294	3932	0	1	14	80	80	Godwars
spawn = 6232	3284	3935	0	1	14	80	80	Godwars
spawn = 6232	3286	3939	0	1	14	80	80	Godwars
spawn = 6232	3280	3931	0	1	14	80	80	Godwars
spawn = 6232	3429	3538	0	1	14	80	80	Godwars
spawn = 6232	3445	3554	2	1	14	80	80	Godwars
spawn = 6232	3422	3549	0	1	14	80	80	Godwars
spawn = 6232	3432	3551	1	1	14	80	80	Godwars
spawn = 6232	3089	3526	0	1	14	80	80	Godwars
spawn = 6232	3400	3900	0	1	14	80	80	Godwars
spawn = 6232	3400	3850	0	1	14	80	80	Godwars
spawn = 6232	3350	3850	0	1	14	80	80	Godwars
spawn = 6232	3350	3900	0	1	14	80	80	Godwars
spawn = 6232	3365	3940	0	1	14	80	80	Godwars
spawn = 6232	3360	3980	0	1	14	80	80	Godwars
spawn = 6232	3381	3961	0	1	14	80	80	Godwars
spawn = 6232	3382	3961	0	1	14	80	80	Godwars
spawn = 6232	3360	3960	0	1	14	80	80	Godwars
spawn = 6232	3380	3958	0	1	14	80	80	Godwars
spawn = 6232	3092	3496	0	1	14	80	80	Godwars
spawn = 6232	3379	3959	0	1	14	80	80	Godwars
spawn = 6232	3380	3961	0	1	14	80	80	Godwars
spawn = 6232	3071	3519	0	1	14	80	80	Godwars
spawn = 6232	-2	0	0	1	14	80	80	Godwars
spawn = 6232	3071	3519	0	1	14	80	80	Godwars
spawn = 6232	3071	3519	0	1	14	80	80	Godwars
spawn = 6232	3071	3519	0	1	14	80	80	Godwars
spawn = 6232	3105	3951	0	1	14	80	80	Godwars
spawn = 6232	3269	3943	0	1	14	80	80	Godwars
spawn = 6232	3086	3490	0	1	14	80	80	Godwars
spawn = 6232	2609	4769	0	1	14	80	80	Godwars
spawn = 6232	2595	4779	0	1	14	80	80	Godwars
spawn = 6232	3081	9503	0	1	14	80	80	Godwars
spawn = 6232	3239	9320	0	1	14	80	80	Godwars
spawn = 6232	3228	9310	0	1	14	80	80	Godwars
spawn = 6232	2398	5177	0	1	14	80	80	Godwars
spawn = 6232	2451	5178	0	1	14	80	80	Godwars
spawn = 6232	2406	5182	0	1	14	80	80	Godwars
spawn = 6232	2440	5176	0	1	14	80	80	Godwars
spawn = 6232	2451	5178	0	1	14	80	80	Godwars
spawn = 6232	3138	9916	0	1	14	80	80	Godwars
spawn = 6232	3128	9903	0	1	14	80	80	Godwars
spawn = 6232	2884	3396	0	1	14	80	80	Godwars
spawn = 6232	2884	9798	0	1	14	80	80	Godwars
spawn = 6232	2382	4719	0	1	14	80	80	Godwars
spawn = 6232	2427	4691	0	1	14	80	80	Godwars
spawn = 6232	2427	4692	0	1	14	80	80	Godwars
spawn = 6232	2427	4694	0	1	14	80	80	Godwars
spawn = 6232	3240	3606	0	1	14	80	80	Godwars
spawn = 6232	3240	3607	0	1	14	80	80	Godwars
spawn = 6232	2378	4717	0	1	14	80	80	Godwars
spawn = 6232	2378	4717	0	1	14	80	80	Godwars
spawn = 6232	2378	4717	0	1	14	80	80	Godwars
spawn = 6232	2376	4717	0	1	14	80	80	Godwars
spawn = 6232	2377	4726	0	1	14	80	80	Godwars
spawn = 6232	2378	4728	0	1	14	80	80	Godwars
spawn = 6232	2378	4716	0	1	14	80	80	Godwars
spawn = 6232	2376	4717	0	1	14	80	80	Godwars
spawn = 6232	2384	4727	0	1	14	80	80	Godwars
spawn = 6232	2384	4717	0	1	14	80	80	Godwars
spawn = 6232	2387	4718	0	1	14	80	80	Godwars
spawn = 6232	2387	4727	0	1	14	80	80	Godwars
spawn = 6232	2387	4728	0	1	14	80	80	Godwars
spawn = 6232	2381	4724	0	1	14	80	80	Godwars
spawn = 6232	2387	4723	0	1	14	80	80	Godwars
spawn = 6232	2386	4721	0	1	14	80	80	Godwars
spawn = 6232	2380	4724	0	1	14	80	80	Godwars
spawn = 6232	2390	4719	0	1	14	80	80	Godwars
spawn = 6232	2390	4719	0	1	14	80	80	Godwars
spawn = 6232	2391	4720	0	1	14	80	80	Godwars
spawn = 6232	2390	4723	0	1	14	80	80	Godwars
spawn = 6232	2390	4723	0	1	14	80	80	Godwars
spawn = 6232	2390	4717	0	1	14	80	80	Godwars
spawn = 6232	2391	4719	0	1	14	80	80	Godwars
spawn = 6232	2390	4719	0	1	14	80	80	Godwars
spawn = 6232	2390	4717	0	1	14	80	80	Godwars
spawn = 6232	2388	4728	0	1	14	80	80	Godwars
spawn = 6232	2388	4728	0	1	14	80	80	Godwars
spawn = 6232	2387	4727	0	1	14	80	80	Godwars
spawn = 6232	2382	4728	0	1	14	80	80	Godwars
spawn = 6232	2382	4730	0	1	14	80	80	Godwars
spawn = 6232	2383	4728	0	1	14	80	80	Godwars
spawn = 6232	2386	4727	0	1	14	80	80	Godwars
spawn = 6232	2387	4727	0	1	14	80	80	Godwars
spawn = 6232	2378	4729	0	1	14	80	80	Godwars
spawn = 6232	2377	4727	0	1	14	80	80	Godwars
spawn = 6232	2378	4728	0	1	14	80	80	Godwars
spawn = 6232	2378	4729	0	1	14	80	80	Godwars
spawn = 6232	2377	4727	0	1	14	80	80	Godwars
spawn = 6232	2378	4729	0	1	14	80	80	Godwars
spawn = 6232	2378	4729	0	1	14	80	80	Godwars
spawn = 6232	2377	4727	0	1	14	80	80	Godwars
spawn = 6232	2386	4727	0	1	14	80	80	Godwars
spawn = 6232	2378	4729	0	1	14	80	80	Godwars
spawn = 6232	2377	4727	0	1	14	80	80	Godwars
spawn = 6232	2376	4727	0	1	14	80	80	Godwars
spawn = 6232	2391	4719	0	1	14	80	80	Godwars
spawn = 6232	2391	4719	0	1	14	80	80	Godwars
spawn = 6232	2390	4717	0	1	14	80	80	Godwars
spawn = 6232	2390	4716	0	1	14	80	80	Godwars
spawn = 6232	2390	4717	0	1	14	80	80	Godwars
spawn = 6232	2390	4725	0	1	14	80	80	Godwars
spawn = 6232	2378	4729	0	1	14	80	80	Godwars
spawn = 6232	2376	4717	0	1	14	80	80	Godwars
spawn = 6232	2376	4717	0	1	14	80	80	Godwars
spawn = 6232	2376	4718	0	1	14	80	80	Godwars
spawn = 6232	2378	4716	0	1	14	80	80	Godwars
spawn = 6232	2379	4712	0	1	14	80	80	Godwars
spawn = 6232	2376	4717	0	1	14	80	80	Godwars
spawn = 6232	2378	4730	0	1	14	80	80	Godwars
spawn = 6232	2378	4730	0	1	14	80	80	Godwars
spawn = 6232	2385	4726	0	1	14	80	80	Godwars
spawn = 6232	2391	4727	0	1	14	80	80	Godwars
spawn = 6232	2390	4725	0	1	14	80	80	Godwars
spawn = 6232	2389	4730	0	1	14	80	80	Godwars
spawn = 6232	2390	4723	0	1	14	80	80	Godwars
spawn = 6232	2389	4716	0	1	14	80	80	Godwars
spawn = 6232	2390	4717	0	1	14	80	80	Godwars
spawn = 6232	2390	4717	0	1	14	80	80	Godwars
spawn = 6232	2390	4723	0	1	14	80	80	Godwars
spawn = 6232	2390	4723	0	1	14	80	80	Godwars
spawn = 6232	2381	4726	0	1	14	80	80	Godwars
spawn = 6232	2386	4726	0	1	14	80	80	Godwars
spawn = 6232	2378	4717	0	1	14	80	80	Godwars
spawn = 6232	2378	4717	0	1	14	80	80	Godwars
spawn = 6232	2378	4717	0	1	14	80	80	Godwars
spawn = 6232	3336	3896	0	1	14	80	80	Godwars
spawn = 6232	2379	4708	0	1	14	80	80	Godwars
spawn = 6232	2420	4721	0	1	14	80	80	Godwars
spawn = 6232	2403	4706	0	1	14	80	80	Godwars
spawn = 6232	2395	4730	0	1	14	80	80	Godwars
spawn = 6232	2401	4728	0	1	14	80	80	Godwars
spawn = 6232	2424	4711	0	1	14	80	80	Godwars
spawn = 6232	2423	4705	0	1	14	80	80	Godwars
spawn = 6232	2414	4710	0	1	14	80	80	Godwars
spawn = 6232	2416	4704	0	1	14	80	80	Godwars
spawn = 6232	2378	4717	0	1	14	80	80	Godwars
spawn = 6232	2378	4717	0	1	14	80	80	Godwars
spawn = 6232	2374	4720	0	1	14	80	80	Godwars
spawn = 6232	2374	4721	0	1	14	80	80	Godwars
spawn = 6232	2376	4717	0	1	14	80	80	Godwars
spawn = 6232	2378	4717	0	1	14	80	80	Godwars
spawn = 6232	2376	4718	0	1	14	80	80	Godwars
spawn = 6232	2378	4717	0	1	14	80	80	Godwars
spawn = 6232	2377	4712	0	1	14	80	80	Godwars
spawn = 6232	2389	4716	0	1	14	80	80	Godwars
spawn = 6232	2390	4716	0	1	14	80	80	Godwars
spawn = 6232	2387	4713	0	1	14	80	80	Godwars
spawn = 6232	2387	4714	0	1	14	80	80	Godwars
spawn = 6232	2388	4714	0	1	14	80	80	Godwars
spawn = 6232	2387	4713	0	1	14	80	80	Godwars
spawn = 6232	2390	4716	0	1	14	80	80	Godwars
spawn = 6232	3200	3345	0	1	14	80	80	Godwars
spawn = 6232	3204	3345	0	1	14	80	80	Godwars
spawn = 6232	3181	3917	0	1	14	80	80	Godwars
spawn = 6232	3184	3932	0	1	14	80	80	Godwars
spawn = 6232	3198	3929	0	1	14	80	80	Godwars
spawn = 6232	3214	3915	0	1	14	80	80	Godwars
spawn = 6232	3239	3921	0	1	14	80	80	Godwars
spawn = 6232	3249	3911	0	1	14	80	80	Godwars
spawn = 6232	3193	3915	0	1	14	80	80	Godwars
spawn = 6232	3227	3920	0	1	14	80	80	Godwars
spawn = 6232	3233	3909	0	1	14	80	80	Godwars
spawn = 6232	3240	3921	0	1	14	80	80	Godwars
spawn = 6232	3203	3935	0	1	14	80	80	Godwars
spawn = 6232	3172	3930	0	1	14	80	80	Godwars
spawn = 6232	3198	3929	0	1	14	80	80	Godwars
spawn = 6232	3077	3932	0	1	14	80	80	Godwars
spawn = 6232	1931	4362	0	1	14	80	80	Godwars
spawn = 6232	1938	4359	0	1	14	80	80	Godwars
spawn = 6232	1960	4366	0	1	14	80	80	Godwars
spawn = 6232	1964	4365	0	1	14	80	80	Godwars
spawn = 6232	1958	4371	0	1	14	80	80	Godwars
spawn = 6232	1949	4356	0	1	14	80	80	Godwars
spawn = 6232	2515	4632	0	1	14	80	80	Godwars
spawn = 6232	3278	3953	0	1	14	80	80	Godwars
spawn = 6232	1889	4409	4	1	14	80	80	Godwars
spawn = 6232	1957	4371	0	1	14	80	80	Godwars
spawn = 6232	2510	4633	0	1	14	80	80	Godwars
spawn = 6232	2536	4655	0	1	14	80	80	Godwars
spawn = 6232	2536	4655	0	1	14	80	80	Godwars
spawn = 6232	2902	4438	4	1	14	80	80	Godwars
spawn = 6232	2926	4457	4	1	14	80	80	Godwars
spawn = 6232	2405	4392	0	1	14	80	80	Godwars
spawn = 6232	1913	4367	0	1	14	80	80	Godwars
spawn = 6232	2900	4449	0	1	14	80	80	Godwars
spawn = 6232	2517	4635	0	1	14	80	80	Godwars
spawn = 6232	2515	4633	0	1	14	80	80	Godwars
spawn = 6232	3003	3407	0	1	14	80	80	Godwars
spawn = 6232	2271	4683	0	1	14	80	80	Godwars
spawn = 6232	2271	4683	4	1	14	80	80	Godwars
spawn = 6232	2270	4683	4	1	14	80	80	Godwars
spawn = 6232	2515	4632	0	1	14	80	80	Godwars
spawn = 6232	2442	10147	0	1	14	80	80	Godwars
spawn = 6232	2271	4680	0	1	14	80	80	Godwars
spawn = 6232	2271	4680	0	1	14	80	80	Godwars
spawn = 6232	2910	4452	4	1	14	80	80	Godwars
spawn = 6232	3089	3493	0	1	14	80	80	Godwars
spawn = 6232	2925	3166	0	1	14	80	80	Godwars
spawn = 6232	2927	3166	0	1	14	80	80	Godwars
spawn = 6232	2920	3173	0	1	14	80	80	Godwars
spawn = 6232	2450	4470	0	1	14	80	80	Godwars
spawn = 6232	1913	4367	0	1	14	80	80	Godwars
spawn = 6232	3018	3631	0	1	14	80	80	Godwars
spawn = 6232	3114	3515	0	1	14	80	80	Godwars
spawn = 6232	3117	3513	0	1	14	80	80	Godwars
spawn = 6232	3103	3515	0	1	14	80	80	Godwars
spawn = 6232	3087	3515	0	1	14	80	80	Godwars
spawn = 6232	3103	3508	0	1	14	80	80	Godwars
spawn = 6232	3101	3510	0	1	14	80	80	Godwars
spawn = 6232	3111	3508	0	1	14	80	80	Godwars
spawn = 6232	3087	3514	0	1	14	80	80	Godwars
spawn = 6232	3104	3507	0	1	14	80	80	Godwars
spawn = 6232	3105	3505	0	1	14	80	80	Godwars
spawn = 6232	3100	3504	0	1	14	80	80	Godwars
spawn = 6232	2763	3498	0	1	14	80	80	Godwars
spawn = 6232	3104	3508	0	1	14	80	80	Godwars
spawn = 6232	3101	3509	0	1	14	80	80	Godwars
spawn = 6232	3088	3506	0	1	14	80	80	Godwars
spawn = 6232	3087	3509	0	1	14	80	80	Godwars
spawn = 6232	3075	3504	0	1	14	80	80	Godwars
spawn = 6232	3074	3504	0	1	14	80	80	Godwars
spawn = 6232	2761	3486	0	1	14	80	80	Godwars
spawn = 6232	2754	3486	0	1	14	80	80	Godwars
spawn = 6232	3084	3499	0	1	14	80	80	Godwars
spawn = 6232	3088	3503	0	1	14	80	80	Godwars
spawn = 6232	3084	3498	0	1	14	80	80	Godwars
spawn = 6232	3084	3499	0	1	14	80	80	Godwars
spawn = 6232	3084	3499	0	1	14	80	80	Godwars
spawn = 6232	2754	3486	0	1	14	80	80	Godwars
spawn = 6232	3098	3503	0	1	14	80	80	Godwars
spawn = 6232	3095	3516	0	1	14	80	80	Godwars
spawn = 6232	3080	3515	0	1	14	80	80	Godwars
spawn = 6232	3073	3512	0	1	14	80	80	Godwars
spawn = 6232	3093	3503	0	1	14	80	80	Godwars
spawn = 6232	2728	3478	0	1	14	80	80	Godwars
spawn = 6232	2745	3460	0	1	14	80	80	Godwars
spawn = 6232	2754	3484	0	1	14	80	80	Godwars
spawn = 6232	2755	3484	0	1	14	80	80	Godwars
spawn = 6232	2754	3484	0	1	14	80	80	Godwars
spawn = 6232	2754	3487	0	1	14	80	80	Godwars
spawn = 6232	2803	2784	0	1	14	80	80	Godwars
spawn = 6232	2800	2780	0	1	14	80	80	Godwars
spawn = 6232	2798	2791	0	1	14	80	80	Godwars
spawn = 6232	2785	2786	0	1	14	80	80	Godwars
spawn = 6232	2788	2794	0	1	14	80	80	Godwars
spawn = 6232	2808	2777	0	1	14	80	80	Godwars
spawn = 6232	2655	3707	0	1	14	80	80	Godwars
spawn = 6232	2686	3731	0	1	14	80	80	Godwars
spawn = 6232	3087	3490	0	1	14	80	80	Godwars
spawn = 6232	2673	3708	0	1	14	80	80	Godwars
spawn = 6232	3098	3500	0	1	14	80	80	Godwars
spawn = 6232	3094	3500	0	1	14	80	80	Godwars
spawn = 6232	3095	3510	0	1	14	80	80	Godwars
spawn = 6232	3096	3510	0	1	14	80	80	Godwars
spawn = 6232	3018	10313	4	1	14	80	80	Godwars
spawn = 6232	2271	4680	4	1	14	80	80	Godwars
spawn = 6232	2271	4699	4	1	14	80	80	Godwars
spawn = 6232	2906	3675	0	1	14	80	80	Godwars
spawn = 6232	2910	3612	0	1	14	80	80	Godwars
spawn = 6232	2911	3613	0	1	14	80	80	Godwars
spawn = 6232	2915	3611	0	1	14	80	80	Godwars
spawn = 6232	2914	3616	0	1	14	80	80	Godwars
spawn = 6232	2908	3617	0	1	14	80	80	Godwars
spawn = 6232	2913	3612	0	1	14	80	80	Godwars
spawn = 6232	2910	3605	0	1	14	80	80	Godwars
spawn = 6232	2882	5308	0	1	14	80	80	Godwars
spawn = 6232	0	0	0	1	14	80	80	Godwars